camera	cam01	Y	P	5	1000	60.00	150	96.90	21.30	0,20,0
camera	cam02	N	P	1	1000	60.00	130	248.00	24.80	150,20,113
box	wall_01	pri	0,150,235	0,0,0	480,300,10	0,236,236,	0.25	N	N
box	wall_02	pri	0,150,-235	0,0,0	480,300,10	236,0,236,	1.00	N	N
box	wall_03	pri	235,150,0	0,0,0	10,300,460	0,236,236,	1.00	N	N
box	wall_04	pri	-235,150,0	0,0,0	10,300,460	0,236,236,	1.00	N	N
plane	ground	pri	0,0,0	0,0,0	1000,1000,0	200,200,200,	1.00	N	Y
model	item_01	obj	25,0,63	0,45,0	1,1,1	0,0,0,	1.00	N	N
model	item_02	obj	0,19,0	0,0,0	256,256,256	0,0,0,	1.00	Y	N
model	item_03	obj	-187,0,-137	0,90,0	0.5,0.5,0.5	0,0,0,	1.00	Y	N
model	item_04	obj	163,0,175	0,0,0	0.0625,0.0625,0.0625	0,0,0,	1.00	Y	N
model	item_05	obj	-187,91,-11	0,270,0	2,2,2	255,255,255,	1.00	Y	N